    #         X           Y           Z       CHARGE      MIN DIST   ATOMIC VOL
 --------------------------------------------------------------------------------
    1    7.070629    0.879350    4.369331    6.078930     0.994744     9.640252
    2    8.456672    8.148244    4.388128    6.077435     0.996038     9.947133
    3    2.839407    3.310403    4.389497    6.077532     1.000488     9.854686
    4    4.254983   10.582805    4.396614    6.077714     1.002142     9.772644
    5    2.842799   11.438729   10.241394    6.077152     1.006864     9.947675
    6    4.259957    4.075956   10.219540    6.078341     0.999655     9.667985
    7    7.048945   13.898899   10.203875    6.078259     0.980565     9.743554
    8    8.445002    6.478628   10.208951    6.078014     1.004891     9.850261
    9    5.567051    8.150514    1.436847    6.092797     0.758454     6.158518
   10    1.353511    0.768047    1.427951    6.106965     0.751066     6.227527
   11    4.238727   10.528994    1.427334    6.090599     0.761711     6.011118
   12    8.442686   13.094398    1.480610    6.109818     0.753550     6.151715
   13    2.874856    8.157901    1.436918    6.108418     0.757342     6.241679
   14    5.636332    3.257446    1.478755    6.092344     0.760063     6.203847
   15    7.081836    0.758040    1.414115    6.127648     0.753033     6.080739
   16    5.688160   13.059916    1.489550    6.127613     0.744644     6.219085
   17    4.230317    5.755920    1.476575    6.121698     0.752124     6.219439
   18    1.404216    4.062207    7.294920    6.081597     0.758623     6.095556
   19    0.034576    1.666870    7.282330    6.120282     0.752439     6.229306
   20    5.590352    6.499489    7.286743    6.097873     0.755141     6.161581
   21    1.422891   13.926196    7.255504    6.093585     0.754907     6.246827
   22    4.197425   13.899791    7.245768    6.117645     0.755535     6.316276
   23    2.879939    6.507554    7.284863    6.111448     0.750746     6.189259
   24    7.049014    4.082676    7.257111    6.053756     0.765914     6.092062
   25    4.231042    4.156049    7.251941    6.117655     0.751178     6.046956
   26    4.227227    8.899248    7.331684    6.122111     0.751290     6.252189
   27    8.450866    8.160755    1.391877   11.022258     0.822971     6.602333
   28    2.830984   13.048128    1.534722   11.008911     0.823121     6.733677
   29    8.439140    3.226446    1.455520   11.006551     0.813382     6.732860
   30    1.397333   10.604952    1.487466   11.008413     0.818888     6.664588
   31    4.252764    0.800731    1.417559   11.001991     0.824036     6.724628
   32    7.028570   10.617083    1.417552   11.007167     0.817560     6.711824
   33    7.005939    5.696244    1.494855   11.015215     0.814388     6.703381
   34    2.811576    3.239691    1.379850   11.025498     0.818490     6.612132
   35    1.426942    5.719404    1.475452   11.009449     0.818825     6.689961
   36   -0.003808   11.433024    7.273755   10.999711     0.821247     6.725697
   37    2.813768   11.439463    7.227509   11.026568     0.813713     6.587859
   38    7.030409    8.940621    7.329908   11.010803     0.818852     6.714529
   39    2.818165    1.650138    7.301590   11.020596     0.817229     6.650684
   40    7.057810   13.894797    7.215733   11.026891     0.821476     6.610989
   41    5.632232   11.421179    7.313205   11.007356     0.818749     6.678294
   42    5.645438    1.679342    7.282795   11.011946     0.817546     6.686596
   43   -0.003371    6.471255    7.223269   11.030505     0.820416     6.617650
   44    1.436683    8.936358    7.318747   11.012678     0.817282     6.693501
   45    8.458497   14.646630    0.378936    7.102588     0.939965    15.532651
   46    4.220197    7.334013    0.411449    7.027683     0.935195    16.562338
   47    7.040048    2.432074    0.474574    7.032086     0.871622    16.612010
   48    2.798736    9.798938    0.431663    7.102555     0.912025    15.408825
   49    5.626897    4.894307    0.463368    7.101750     0.888472    15.247961
   50    1.428463   12.232149    0.500708    7.091896     0.896119    15.264226
   51    2.809432   14.633533    0.493867    7.021897     0.885950    16.630667
   52    7.038746    7.313978    0.443150    7.085924     0.888120    15.378868
   53    1.370495    2.426531    0.453009    7.030367     0.887496    16.808985
   54    5.630055    9.771450    0.424625    7.027545     0.894946    16.780135
   55    8.456911    4.900653    0.486256    7.093909     0.910711    15.230547
   56    4.235471   12.216418    0.509640    7.100912     0.905222    15.225748
   57    5.655986   14.647271    0.416675    7.097685     0.903987    15.463670
   58    1.397329    7.317450    0.438075    7.083117     0.899799    15.308511
   59    4.233587    2.448973    0.407269    7.095084     0.883781    15.557362
   60    8.473311    9.798163    0.443824    7.024888     0.899224    16.647426
   61    2.812842    4.904494    0.433968    7.098450     0.895130    15.431844
   62    7.056029   12.254498    0.435400    7.102010     0.912903    15.545542
   63    8.447160    1.603640    2.459741    7.101349     0.904206    15.246515
   64    4.227546    8.959738    2.509046    7.087873     0.950167    15.458240
   65    7.052760    4.066950    2.466119    7.027893     0.892391    16.799820
   66    2.831788   11.367759    2.490523    7.091707     0.889142    15.650324
   67    5.633211    6.540995    2.471437    7.027076     0.878847    16.760621
   68    1.384192   13.862509    2.477229    7.031826     0.885241    16.801268
   69    2.815114    1.633363    2.399758    7.076385     0.909600    15.441955
   70    7.053205    8.966204    2.413639    7.091778     0.889281    15.330485
   71    1.428078    4.060103    2.440941    7.086325     0.903914    15.381886
   72    5.621621   11.386373    2.444418    7.089291     0.889824    15.381086
   73    8.466526    6.553964    2.452658    7.080490     0.908373    15.364718
   74    4.252283   13.883664    2.465723    7.031001     0.886192    16.641369
   75    5.662011    1.592568    2.431642    7.100069     0.890507    15.264160
   76    1.382887    8.951059    2.434776    7.097047     0.892979    15.310517
   77    4.194706    4.066755    2.435622    7.104100     0.905908    15.487560
   78    8.442237   11.419306    2.425964    7.027666     0.885244    16.684628
   79    2.809825    6.552146    2.454389    7.037122     0.877098    16.562511
   80    7.056713   13.867478    2.521858    7.094831     0.951226    15.599211
   81    8.470614    0.042069    6.237248    7.099694     0.883628    15.466224
   82    4.236824    7.337132    6.270227    7.029477     0.942753    16.650457
   83    7.066340    2.451810    6.267992    7.098617     0.890513    15.260273
   84    2.826300    9.763396    6.291438    7.099969     0.893119    15.349856
   85    5.648240    4.905726    6.264705    7.039126     0.934542    16.786259
   86    1.396087   12.237183    6.280077    7.025196     0.867786    16.803872
   87    2.814910    0.040335    6.257628    7.027941     0.924358    16.731693
   88    7.054889    7.352764    6.279050    7.088637     0.896932    15.410017
   89    1.439471    2.468864    6.253353    7.103679     0.897033    15.299133
   90    5.632186    9.777486    6.319660    7.096120     0.901751    15.250228
   91    0.005927    4.869789    6.257776    7.026045     0.881752    16.704585
   92    4.240800   12.206920    6.252892    7.094983     0.873129    15.506534
   93    5.650850    0.047787    6.242493    7.093084     0.879499    15.461306
   94    1.414099    7.355811    6.274627    7.085499     0.907031    15.354420
   95    4.229722    2.484069    6.274393    7.099980     0.894911    15.291495
   96   -0.004570    9.760119    6.320657    7.091069     0.916523    15.368634
   97    2.810537    4.900065    6.255204    7.108174     0.941366    15.435420
   98    7.048181   12.219193    6.285994    7.024267     0.889338    16.613169
   99    1.423054    0.841260    8.285595    7.028583     0.880692    16.869725
  100    5.646880    8.118968    8.308873    7.029997     0.872032    16.688927
  101    8.457439    3.279198    8.265387    7.038844     0.937261    16.879842
  102    4.201685   10.619479    8.285376    7.095870     0.891035    15.556158
  103    7.074148    5.711911    8.260661    7.098134     0.883670    15.169336
  104    2.812791   13.051035    8.256561    7.088785     0.911380    15.579681
  105    4.240751    0.826033    8.258214    7.034614     0.884357    16.590001
  106   -0.002771    8.113614    8.292090    7.081036     0.894120    15.406880
  107    2.836843    3.295320    8.289689    7.094889     0.924323    15.526926
  108    7.056169   10.609760    8.279595    7.027379     0.890087    16.760457
  109    1.398600    5.715219    8.261642    7.100065     0.885793    15.233745
  110    5.653132   13.081403    8.251148    7.100858     0.904380    15.392569
  111    7.060836    0.810087    8.256378    7.082896     0.896452    15.368741
  112    2.809994    8.116015    8.312665    7.039680     0.875213    16.598151
  113    5.620070    3.295507    8.279098    7.092329     0.903824    15.423778
  114    1.425730   10.622393    8.281696    7.083872     0.900004    15.530141
  115    4.231818    5.704022    8.350889    7.085423     0.956486    15.371315
  116    8.447808   13.074914    8.247191    7.091281     0.888708    15.395364
 --------------------------------------------------------------------------------
    VACUUM CHARGE:               0.0000
    VACUUM VOLUME:               0.0000
    NUMBER OF ELECTRONS:       866.0000
