    #         X           Y           Z       CHARGE      MIN DIST   ATOMIC VOL
 --------------------------------------------------------------------------------
    1    8.289495    8.680901    2.872603    6.104037     0.961946     8.672015
    2   13.252287    5.854520    2.822797    6.106661     0.929707     8.402386
    3    8.287900    8.676208    8.410644    6.103943     0.964219     8.659242
    4   13.248322    5.838698    8.449061    6.106426     0.940832     8.434493
    5   11.457519    8.499626    2.847266    6.107176     0.939899     8.434956
    6    9.257873    1.291419    2.809552    6.106506     0.944229     8.401468
    7    2.048404    2.885997    2.824462    6.105193     0.938637     8.351311
    8    6.390792    2.984036    2.808933    6.101775     0.924243     8.572410
    9    9.319482    4.589841    2.805390    6.106209     0.934259     8.529954
   10    6.460290    6.099913    2.829246    6.106898     0.939273     8.380448
   11    5.160646    8.345907    8.433123    6.106020     0.935119     8.463590
   12    7.376107    1.226915    8.403002    6.106213     0.932986     8.509815
   13   10.204221    2.906058    8.403925    6.103320     0.926505     8.552153
   14    4.602902    2.869078    8.427493    6.105848     0.954330     8.392269
   15    7.264687    4.527399    8.431692    6.106064     0.943888     8.450745
   16   10.068438    6.005894    8.432528    6.107253     0.943062     8.296601
   17   13.246250    5.851687    0.036924    6.323691     0.716113     6.527198
   18    3.302969    2.898593    0.013703    6.248490     0.743979     6.621817
   19    5.621500    4.455636    0.021009    6.186968     0.832235     7.441887
   20    8.270946    3.033056    0.014147    6.141221     0.840725     7.260458
   21    5.769249    7.255455    0.044329    6.232342     0.744983     6.632360
   22   10.970548    4.318865   11.210685    6.194574     0.828885     7.470558
   23    5.783775    4.352138    5.629039    6.151775     0.780633     6.399225
   24    8.337109    3.005884    5.607439    6.496660     0.750215     8.267598
   25    8.284749    8.687750    5.640311    6.163948     0.782782     6.288791
   26    5.780086    7.212937    5.632381    6.151461     0.800375     6.517325
   27    3.330446    2.900015    5.622058    6.211027     0.746207     6.598185
   28   10.791725    4.357370    5.620407    6.013997     0.823208     6.185219
   29    3.292970    0.022065    0.001281   11.068402     0.825375     6.692929
   30   13.306741    8.632134   11.236823   11.076071     0.825837     6.964235
   31    8.299570    5.771579   11.227516   11.051285     0.820465     6.723114
   32    0.826105    1.441391    0.010232   11.045636     0.810116     6.702162
   33    5.829127    1.428766   11.196877   11.043943     0.816189     6.759803
   34   10.800514    7.223106   11.232313   11.048264     0.815812     6.782792
   35    5.798114    1.459214    5.618644   11.064521     0.821986     6.982131
   36   13.288273    8.689636    5.643654   11.058766     0.826520     6.905263
   37   10.764011    7.233521    5.639858   11.058754     0.821097     6.875015
   38    3.335865    5.720811    5.635702   11.073864     0.828052     6.747450
   39    8.270832    5.821953    5.628724   11.074901     0.825362     6.954336
   40    0.878371    1.417336    5.593255   11.054990     0.827919     6.877039
   41   14.901431    8.739699    1.040227    7.154743     0.891578    14.057832
   42    9.909601    8.709394    1.049962    7.180803     0.916420    13.274581
   43    2.475190    1.401723    1.043724    7.186164     0.895764    13.455328
   44    7.411739    1.400020    1.064954    7.255392     0.907577    13.875111
   45    4.957748    2.792039    1.013471    7.219729     0.865368    14.816959
   46   10.011444    2.831256    1.115675    7.317741     0.897223    14.338324
   47    2.635819    4.341823    1.121074    7.283023     0.961972    14.050474
   48    7.512163    4.491167    1.173108    7.308235     0.899020    14.455894
   49    4.872988    5.933366    1.118219    7.284353     0.976353    13.997998
   50    9.922561    5.905412    1.013905    7.201144     0.878098    14.744812
   51    7.466627    7.281494    1.054925    7.186336     0.899465    13.270474
   52   12.393305    7.299282    1.069938    7.185492     0.903221    13.406816
   53    4.954086    8.665544    4.639680    7.168523     0.896003    14.474806
   54    9.956980    8.683851    4.626740    7.215559     0.916350    13.592238
   55    2.530400    1.427252    4.605242    7.210736     0.904110    13.537895
   56    7.454236    1.370525    4.539749    7.233291     0.927814    13.890277
   57    4.984406    2.891475    4.637400    7.184798     0.894938    14.485917
   58   10.076839    2.886037    4.510124    7.318842     0.922340    14.048510
   59   12.452933    4.394451    4.601268    7.246098     0.883767    13.533109
   60    7.435535    4.459562    4.520699    7.301519     0.907786    13.996748
   61    4.944003    5.774516    4.598013    7.257481     0.892943    13.783306
   62    9.952774    5.830588    4.641463    7.211459     0.888818    14.506533
   63    7.459086    7.262933    4.636426    7.249717     0.906939    13.521224
   64   12.446610    7.248445    4.625118    7.181202     0.913064    13.478526
   65    6.630958    8.660893    6.630453    7.255923     0.913417    13.721452
   66   11.609028    8.682501    6.626305    7.152117     0.917708    14.291195
   67    4.147352    1.422179    6.611551    7.239204     0.897842    13.522055
   68    9.187021    1.358555    6.683351    7.239517     0.903162    13.952019
   69    6.551355    2.864018    6.691435    7.267091     0.897122    13.958483
   70    1.666068    2.858651    6.583640    7.230632     0.896139    14.584473
   71    4.142072    4.337619    6.670219    7.234377     0.889856    13.718587
   72    9.162033    4.449728    6.739867    7.311142     0.927503    13.868744
   73    6.618082    5.793939    6.610938    7.189127     0.901745    14.465536
   74   11.625182    5.813106    6.645925    7.239205     0.918589    13.685558
   75    9.128705    7.248223    6.664242    7.209079     0.904623    13.567347
   76   14.063992    7.243568    6.663250    7.205648     0.915325    13.408759
   77    6.651352    8.652740   10.224213    7.187609     0.891081    13.209805
   78   11.631189    8.665459   10.249190    7.147765     0.902352    14.015886
   79    4.180675    1.363471   10.181006    7.188340     0.900889    13.277711
   80    9.207371    1.343148   10.135378    7.242363     0.909284    13.885372
   81    6.585195    2.767407   10.100023    7.304954     0.877737    14.395630
   82    1.708298    2.708801   10.172135    7.229161     0.870675    14.828685
   83    3.989101    4.321388   10.142682    7.283709     0.957474    14.140545
   84    9.067664    4.438735   10.080742    7.316508     0.902345    14.376474
   85    6.697520    5.844617   10.237110    7.229838     0.876847    14.892543
   86   11.648303    5.908568   10.155331    7.260940     0.888564    13.913147
   87    9.129823    7.257378   10.216749    7.171829     0.919060    13.316455
   88    4.145676    7.197593   10.207443    7.196453     0.889330    13.288631
 --------------------------------------------------------------------------------
    VACUUM CHARGE:               0.0000
    VACUUM VOLUME:               0.0000
    NUMBER OF ELECTRONS:       652.0000
